114
-28156 -68138
-31156 -66138
-31156 -65138
-31156 -60138
-31156 -59138
-30156 -66138
-30156 -65138
-30156 -63138
-30156 -62138
-29156 -66138
-29156 -65138
-28156 -68138
-28156 -67138
-28156 -66138
-28156 -65138
-28156 -64138
-28156 -63138
-28156 -62138
-28156 -61138
-28156 -60138
-28156 -59138
-28156 -58138
-27156 -68138
-27156 -67138
-27156 -66138
-27156 -65138
-27156 -64138
-27156 -63138
-27156 -62138
-27156 -61138
-27156 -60138
-27156 -59138
-26156 -68138
-26156 -67138
-26156 -66138
-26156 -65138
-26156 -64138
-26156 -63138
-26156 -62138
-26156 -61138
-26156 -60138
-26156 -59138
-25156 -68138
-25156 -67138
-25156 -66138
-25156 -65138
-25156 -64138
-25156 -63138
-25156 -62138
-25156 -61138
-25156 -60138
-25156 -59138
-24156 -68138
-24156 -67138
-24156 -66138
-24156 -65138
-24156 -62138
-24156 -61138
-24156 -60138
-24156 -59138
-23156 -68138
-23156 -67138
-23156 -66138
-23156 -65138
-23156 -64138
-23156 -60138
-22156 -68138
-22156 -67138
-22156 -66138
-22156 -65138
-22156 -64138
-22156 -63138
-21156 -68138
-21156 -67138
-21156 -66138
-21156 -65138
-21156 -64138
-21156 -63138
-20156 -68138
-20156 -67138
-20156 -66138
-20156 -65138
-20156 -64138
-20156 -63138
-20156 -62138
-19156 -68138
-19156 -67138
-19156 -66138
-19156 -65138
-19156 -64138
-19156 -63138
-19156 -62138
-19156 -61138
-18156 -68138
-18156 -64138
-18156 -62138
-18156 -61138
-18156 -60138
-17156 -62138
-17156 -61138
-17156 -60138
-17156 -59138
-16156 -61138
-16156 -60138
-16156 -59138
-15156 -61138
-15156 -60138
-15156 -59138
-14156 -60138
-14156 -59138
-13156 -62138
-13156 -60138
-13156 -59138
-12156 -59138
-11156 -59138
176
-25156 -68138
-25156 -58138
-24156 -64138
-24156 -63138
-23156 -63138
-23156 -62138
-23156 -61138
-23156 -59138
-22156 -62138
-22156 -61138
-22156 -60138
-22156 -59138
-22156 -58138
-22156 -57138
-22156 -56138
-22156 -55138
-21156 -62138
-21156 -61138
-21156 -60138
-21156 -59138
-21156 -58138
-21156 -57138
-21156 -56138
-21156 -55138
-21156 -54138
-20156 -61138
-20156 -60138
-20156 -59138
-20156 -58138
-20156 -57138
-20156 -55138
-20156 -54138
-19156 -60138
-19156 -59138
-19156 -58138
-18156 -67138
-18156 -66138
-18156 -65138
-18156 -63138
-18156 -59138
-18156 -58138
-18156 -57138
-18156 -56138
-17156 -68138
-17156 -67138
-17156 -66138
-17156 -65138
-17156 -58138
-17156 -57138
-17156 -56138
-17156 -55138
-16156 -68138
-16156 -67138
-16156 -66138
-16156 -65138
-16156 -64138
-16156 -62138
-16156 -58138
-16156 -57138
-16156 -56138
-16156 -55138
-15156 -68138
-15156 -67138
-15156 -66138
-15156 -65138
-14156 -61138
-14156 -58138
-13156 -58138
-13156 -57138
-12156 -57138
-12156 -56138
-11156 -56138
-11156 -55138
183
-22156 -68138
-29156 -61138
-25156 -57138
-25156 -56138
-25156 -55138
-24156 -58138
-24156 -57138
-24156 -56138
-24156 -55138
-24156 -54138
-23156 -58138
-23156 -57138
-23156 -56138
-23156 -55138
-23156 -54138
-22156 -54138
-18156 -55138
-17156 -63138
-17156 -54138
-15156 -64138
-15156 -63138
-14156 -68138
-14156 -67138
-14156 -66138
-14156 -65138
-14156 -63138
-14156 -62138
-13156 -68138
-13156 -67138
-13156 -66138
-13156 -65138
-12156 -68138
195
-19156 -68138
-17156 -64138
-16156 -63138
-15156 -62138
-14156 -64138
-14156 -57138
-14156 -56138
-13156 -64138
-13156 -63138
-13156 -61138
-13156 -56138
-13156 -55138
-12156 -67138
-12156 -66138
-12156 -65138
-12156 -64138
-12156 -63138
-12156 -62138
-12156 -61138
-12156 -60138
-12156 -58138
-12156 -55138
-11156 -68138
-11156 -67138
-11156 -66138
-11156 -65138
-11156 -64138
-11156 -63138
-11156 -62138
-11156 -60138
-11156 -58138
-11156 -57138
-10156 -68138
-10156 -59138
-9156 -68138
-9156 -58138
166
-16156 -68138
-19156 -56138
-19156 -55138
-14156 -55138
-11156 -61138
-10156 -60138
-8156 -68138
-7156 -68138
-6156 -68138
97
-13156 -68138
-10156 -67138
-10156 -66138
-10156 -65138
-9156 -67138
-5156 -68138
-4156 -68138
-3156 -68138
-2156 -68138
87
-10156 -68138
-10156 -64138
-9156 -66138
-9156 -65138
-9156 -64138
-8156 -67138
-8156 -66138
-8156 -65138
-7156 -67138
-7156 -66138
-7156 -65138
-7156 -63138
-6156 -67138
-6156 -66138
-6156 -65138
-6156 -63138
-6156 -62138
-6156 -61138
-5156 -67138
-5156 -66138
-5156 -65138
-5156 -63138
-5156 -62138
-5156 -61138
-5156 -60138
-4156 -67138
-4156 -66138
-4156 -65138
-4156 -63138
-4156 -62138
-4156 -61138
-4156 -60138
-3156 -67138
-3156 -66138
-3156 -65138
-3156 -63138
-3156 -62138
-3156 -61138
-2156 -67138
-2156 -66138
-2156 -65138
-2156 -63138
-2156 -62138
-1156 -66138
-1156 -65138
149
-7156 -68138
-10156 -63138
-10156 -62138
-10156 -61138
-10156 -58138
-9156 -63138
-9156 -62138
-9156 -61138
-9156 -60138
-9156 -59138
-9156 -57138
-9156 -56138
-9156 -55138
-8156 -63138
-8156 -62138
-8156 -61138
-8156 -60138
-8156 -59138
-8156 -58138
-8156 -57138
-8156 -56138
-8156 -55138
-7156 -62138
-7156 -61138
-7156 -60138
-7156 -59138
-7156 -58138
-7156 -57138
-7156 -56138
-7156 -55138
-6156 -60138
-6156 -59138
-6156 -58138
-6156 -57138
-6156 -56138
-6156 -55138
-5156 -59138
-5156 -58138
-5156 -57138
-5156 -56138
-5156 -55138
-4156 -59138
-4156 -58138
-4156 -57138
-4156 -56138
-4156 -55138
-3156 -60138
-3156 -59138
-3156 -58138
-3156 -57138
-3156 -56138
-3156 -55138
-2156 -61138
-2156 -60138
-2156 -59138
-2156 -58138
-1156 -64138
-1156 -63138
-1156 -62138
-1156 -61138
-1156 -60138
-156 -66138
-156 -65138
-156 -64138
-156 -63138
-156 -62138
844 -66138
844 -65138
844 -64138
844 -63138
844 -62138
1844 -65138
1844 -64138
170
-4156 -68138
-2156 -57138
-2156 -56138
-2156 -55138
-1156 -59138
844 -61138
1844 -63138
1844 -62138
1844 -61138
1844 -60138
2844 -63138
2844 -62138
2844 -61138
154
-2156 -68138
844 -60138
844 -59138
65
-33156 -65138
-33156 -66138
-33156 -65138
-33156 -64138
-33156 -63138
-33156 -62138
-33156 -61138
-33156 -60138
-33156 -59138
-33156 -58138
-33156 -57138
-33156 -56138
-33156 -55138
-32156 -66138
-32156 -65138
-32156 -64138
-32156 -63138
-32156 -62138
-32156 -61138
-32156 -60138
-32156 -59138
-32156 -58138
-32156 -57138
-32156 -56138
-31156 -64138
-31156 -63138
-31156 -62138
-31156 -61138
-31156 -58138
-31156 -57138
-31156 -56138
-30156 -64138
-30156 -61138
-30156 -60138
-30156 -59138
-30156 -58138
-30156 -57138
-30156 -56138
-29156 -64138
-29156 -63138
-29156 -62138
-29156 -60138
-29156 -59138
-29156 -58138
116
-30156 -65138
-30156 -55138
134
-27156 -65138
-28156 -57138
-28156 -56138
-27156 -58138
-27156 -57138
-27156 -56138
-27156 -55138
-26156 -58138
-26156 -57138
-26156 -56138
292
-24156 -65138
-19156 -57138
-15156 -54138
288
-21156 -65138
-26156 -55138
-16156 -54138
-11156 -54138
226
-18156 -65138
207
-15156 -65138
176
-12156 -65138
121
-9156 -65138
205
-6156 -65138
-1156 -58138
1844 -66138
2844 -66138
2844 -65138
212
-3156 -65138
2844 -60138
2844 -59138
123
-156 -65138
-156 -61138
-156 -60138
-156 -59138
-156 -58138
-156 -57138
-156 -56138
-156 -55138
844 -58138
844 -57138
844 -56138
1844 -59138
1844 -58138
1844 -57138
1844 -56138
2844 -64138
2844 -58138
2844 -57138
2844 -56138
68
2844 -65138
2844 -55138
110
-31156 -62138
-33156 -54138
-32156 -55138
-32156 -54138
-31156 -55138
-31156 -54138
-30156 -54138
-29156 -57138
224
-28156 -62138
-28156 -55138
-28156 -54138
-27156 -54138
-26156 -54138
-25156 -54138
273
-25156 -62138
-29156 -56138
-29156 -55138
-20156 -56138
310
-22156 -62138
-10156 -57138
-10156 -56138
323
-19156 -62138
-18156 -54138
-10156 -55138
-10156 -54138
329
-16156 -62138
-19156 -54138
-13156 -54138
-12156 -54138
332
-13156 -62138
-14156 -54138
-6156 -54138
-5156 -54138
-4156 -54138
-3156 -54138
322
-10156 -62138
-9156 -54138
-8156 -54138
-7156 -54138
310
-7156 -62138
-1156 -57138
291
-4156 -62138
-1156 -56138
-1156 -55138
182
-1156 -62138
137
1844 -62138
-156 -54138
844 -55138
844 -54138
1844 -55138
1844 -54138
2844 -54138
131
2844 -62138
-1156 -54138
95
-33156 -59138
-29156 -54138
92
-30156 -59138
212
-27156 -59138
271
-24156 -59138
294
-21156 -59138
301
-18156 -59138
330
-15156 -59138
313
-12156 -59138
302
-9156 -59138
290
-6156 -59138
273
-3156 -59138
102
-156 -59138
97
2844 -59138
84
-31156 -56138
164
-28156 -56138
197
-25156 -56138
183
-22156 -56138
179
-19156 -56138
237
-16156 -56138
266
-13156 -56138
183
-10156 -56138
227
-7156 -56138
-2156 -54138
218
-4156 -56138
79
-1156 -56138
71
1844 -56138
72
2844 -56138
