54
962780 -1514566
961780 -1514566
961780 -1513566
961780 -1512566
961780 -1511566
961780 -1510566
961780 -1509566
961780 -1508566
962780 -1514566
962780 -1513566
962780 -1512566
962780 -1511566
962780 -1510566
962780 -1509566
962780 -1508566
962780 -1507566
962780 -1506566
962780 -1505566
962780 -1504566
963780 -1513566
963780 -1512566
963780 -1511566
963780 -1510566
963780 -1508566
963780 -1507566
963780 -1506566
964780 -1513566
964780 -1512566
964780 -1511566
964780 -1510566
964780 -1508566
964780 -1507566
964780 -1506566
965780 -1513566
965780 -1512566
965780 -1510566
965780 -1509566
965780 -1507566
965780 -1506566
966780 -1513566
966780 -1512566
966780 -1511566
966780 -1508566
966780 -1507566
967780 -1513566
967780 -1512566
967780 -1511566
967780 -1507566
967780 -1506566
968780 -1513566
968780 -1512566
968780 -1511566
969780 -1513566
969780 -1512566
969780 -1511566
100
962780 -1512566
962780 -1503566
962780 -1502566
963780 -1505566
963780 -1504566
963780 -1503566
964780 -1505566
964780 -1504566
964780 -1503566
965780 -1511566
965780 -1508566
965780 -1505566
965780 -1504566
965780 -1503566
966780 -1510566
966780 -1509566
966780 -1506566
966780 -1505566
966780 -1504566
966780 -1503566
967780 -1510566
967780 -1509566
967780 -1508566
967780 -1505566
967780 -1504566
968780 -1510566
969780 -1510566
969780 -1508566
969780 -1507566
969780 -1506566
969780 -1505566
970780 -1513566
970780 -1512566
970780 -1511566
970780 -1509566
970780 -1507566
970780 -1506566
971780 -1513566
971780 -1512566
971780 -1511566
971780 -1509566
972780 -1512566
973780 -1513566
974780 -1513566
975780 -1513566
976780 -1513566
977780 -1513566
114
962780 -1511566
962780 -1501566
963780 -1502566
964780 -1502566
965780 -1502566
966780 -1502566
967780 -1503566
969780 -1504566
970780 -1510566
970780 -1508566
970780 -1505566
971780 -1510566
971780 -1507566
972780 -1511566
972780 -1509566
974780 -1508566
975780 -1508566
976780 -1508566
977780 -1508566
978780 -1507566
979780 -1507566
112
962780 -1510566
962780 -1500566
967780 -1502566
969780 -1503566
970780 -1504566
971780 -1508566
971780 -1506566
972780 -1510566
973780 -1509566
974780 -1509566
975780 -1509566
978780 -1508566
979780 -1508566
194
962780 -1505566
961780 -1501566
961780 -1500566
961780 -1498566
961780 -1497566
961780 -1496566
962780 -1499566
962780 -1498566
962780 -1497566
962780 -1496566
963780 -1501566
963780 -1500566
963780 -1499566
963780 -1498566
963780 -1497566
963780 -1496566
964780 -1501566
964780 -1500566
964780 -1499566
964780 -1498566
964780 -1497566
964780 -1496566
965780 -1501566
965780 -1500566
965780 -1499566
965780 -1498566
965780 -1497566
965780 -1496566
966780 -1501566
966780 -1500566
966780 -1499566
966780 -1498566
966780 -1497566
967780 -1501566
967780 -1500566
967780 -1499566
967780 -1498566
968780 -1500566
968780 -1499566
969780 -1502566
969780 -1501566
969780 -1500566
969780 -1499566
969780 -1498566
970780 -1503566
970780 -1502566
970780 -1501566
970780 -1500566
970780 -1499566
970780 -1498566
971780 -1505566
971780 -1504566
971780 -1503566
971780 -1502566
971780 -1498566
971780 -1497566
972780 -1508566
972780 -1505566
972780 -1502566
972780 -1498566
972780 -1497566
972780 -1496566
973780 -1508566
973780 -1505566
973780 -1502566
973780 -1497566
973780 -1496566
974780 -1505566
974780 -1502566
974780 -1496566
975780 -1505566
975780 -1502566
975780 -1496566
976780 -1509566
976780 -1505566
976780 -1501566
977780 -1509566
977780 -1505566
977780 -1501566
978780 -1509566
978780 -1505566
978780 -1501566
979780 -1509566
979780 -1505566
979780 -1501566
980780 -1501566
980780 -1500566
981780 -1500566
209
962780 -1504566
961780 -1495566
971780 -1499566
972780 -1506566
972780 -1504566
972780 -1503566
973780 -1506566
973780 -1504566
973780 -1503566
973780 -1498566
974780 -1506566
974780 -1504566
974780 -1503566
974780 -1497566
975780 -1506566
975780 -1504566
975780 -1503566
976780 -1506566
976780 -1504566
976780 -1503566
976780 -1502566
976780 -1496566
977780 -1507566
977780 -1506566
977780 -1504566
977780 -1503566
977780 -1502566
977780 -1495566
978780 -1506566
978780 -1504566
978780 -1503566
978780 -1502566
978780 -1495566
978780 -1494566
979780 -1506566
979780 -1504566
979780 -1503566
979780 -1502566
979780 -1494566
981780 -1501566
94
962780 -1494566
961780 -1499566
961780 -1494566
961780 -1493566
961780 -1492566
961780 -1491566
961780 -1490566
961780 -1489566
961780 -1488566
962780 -1495566
962780 -1494566
962780 -1493566
962780 -1492566
962780 -1491566
962780 -1490566
962780 -1489566
962780 -1488566
962780 -1487566
963780 -1495566
963780 -1494566
963780 -1493566
963780 -1492566
963780 -1491566
963780 -1490566
963780 -1489566
963780 -1488566
964780 -1495566
964780 -1494566
964780 -1493566
964780 -1492566
964780 -1491566
964780 -1490566
964780 -1489566
965780 -1495566
965780 -1494566
965780 -1493566
965780 -1492566
965780 -1491566
965780 -1490566
965780 -1489566
966780 -1495566
966780 -1494566
966780 -1493566
966780 -1492566
966780 -1491566
966780 -1490566
966780 -1488566
967780 -1497566
967780 -1495566
967780 -1494566
967780 -1493566
967780 -1492566
967780 -1491566
967780 -1490566
967780 -1489566
967780 -1488566
967780 -1487566
968780 -1495566
968780 -1494566
968780 -1493566
968780 -1492566
968780 -1491566
969780 -1496566
969780 -1495566
969780 -1494566
969780 -1493566
969780 -1492566
969780 -1491566
969780 -1490566
96
962780 -1493566
963780 -1487566
966780 -1489566
967780 -1496566
968780 -1496566
969780 -1497566
970780 -1497566
970780 -1493566
970780 -1492566
971780 -1493566
971780 -1492566
972780 -1493566
75
962780 -1491566
961780 -1487566
968780 -1490566
61
962780 -1489566
961780 -1486566
962780 -1486566
962780 -1485566
962780 -1484566
963780 -1486566
963780 -1485566
963780 -1484566
964780 -1488566
964780 -1487566
964780 -1485566
964780 -1484566
965780 -1488566
965780 -1487566
966780 -1487566
59
962780 -1487566
961780 -1485566
961780 -1484566
962780 -1483566
963780 -1483566
964780 -1486566
965780 -1486566
965780 -1485566
965780 -1484566
966780 -1485566
966780 -1484566
967780 -1484566
968780 -1484566
969780 -1484566
87
962780 -1485566
961780 -1483566
966780 -1486566
967780 -1486566
967780 -1485566
968780 -1486566
968780 -1485566
969780 -1486566
969780 -1485566
970780 -1486566
970780 -1485566
970780 -1484566
970780 -1483566
971780 -1486566
971780 -1485566
971780 -1484566
971780 -1483566
972780 -1486566
972780 -1485566
972780 -1484566
973780 -1486566
973780 -1485566
973780 -1484566
974780 -1486566
974780 -1485566
974780 -1484566
975780 -1486566
975780 -1485566
975780 -1484566
976780 -1486566
976780 -1485566
976780 -1484566
977780 -1486566
977780 -1485566
977780 -1484566
978780 -1486566
978780 -1485566
978780 -1484566
979780 -1486566
979780 -1485566
979780 -1484566
980780 -1486566
980780 -1485566
980780 -1484566
981780 -1486566
981780 -1485566
981780 -1484566
982780 -1485566
102
963780 -1512566
973780 -1512566
123
963780 -1511566
972780 -1513566
972780 -1507566
973780 -1511566
120
963780 -1510566
973780 -1510566
171
963780 -1500566
966780 -1496566
968780 -1497566
970780 -1496566
971780 -1500566
972780 -1500566
972780 -1499566
973780 -1500566
973780 -1499566
974780 -1499566
974780 -1498566
975780 -1499566
975780 -1498566
976780 -1499566
976780 -1498566
977780 -1499566
977780 -1498566
977780 -1497566
978780 -1499566
978780 -1498566
978780 -1497566
979780 -1499566
979780 -1498566
979780 -1497566
980780 -1499566
980780 -1498566
980780 -1497566
981780 -1498566
981780 -1497566
982780 -1498566
982780 -1497566
982780 -1496566
137
963780 -1496566
971780 -1496566
971780 -1495566
972780 -1495566
975780 -1497566
976780 -1497566
977780 -1496566
978780 -1496566
979780 -1496566
980780 -1496566
981780 -1496566
983780 -1496566
98
963780 -1493566
970780 -1494566
971780 -1494566
972780 -1494566
972780 -1492566
75
963780 -1491566
92
963780 -1485566
982780 -1486566
982780 -1484566
142
964780 -1496566
983780 -1499566
983780 -1498566
983780 -1497566
984780 -1496566
78
964780 -1491566
968780 -1488566
969780 -1488566
93
964780 -1485566
242
965780 -1503566
972780 -1501566
973780 -1507566
973780 -1501566
974780 -1507566
974780 -1501566
975780 -1507566
976780 -1507566
982780 -1501566
982780 -1500566
983780 -1501566
983780 -1500566
984780 -1501566
984780 -1500566
174
965780 -1499566
981780 -1499566
982780 -1499566
984780 -1499566
984780 -1498566
984780 -1497566
985780 -1499566
98
966780 -1492566
252
967780 -1503566
970780 -1495566
974780 -1510566
974780 -1500566
975780 -1501566
985780 -1500566
986780 -1500566
986780 -1499566
251
967780 -1502566
985780 -1501566
986780 -1501566
121
967780 -1485566
968780 -1487566
969780 -1487566
970780 -1487566
971780 -1488566
971780 -1487566
972780 -1489566
972780 -1488566
972780 -1487566
973780 -1487566
974780 -1488566
974780 -1487566
975780 -1488566
975780 -1487566
976780 -1487566
978780 -1483566
979780 -1483566
980780 -1483566
984780 -1486566
984780 -1485566
984780 -1484566
985780 -1486566
985780 -1485566
985780 -1484566
986780 -1486566
986780 -1485566
987780 -1485566
118
968780 -1485566
970780 -1489566
970780 -1488566
971780 -1489566
973780 -1488566
977780 -1487566
987780 -1486566
988780 -1485566
124
969780 -1485566
971780 -1490566
972780 -1491566
972780 -1490566
973780 -1489566
974780 -1490566
975780 -1491566
978780 -1487566
988780 -1486566
989780 -1485566
145
970780 -1485566
970780 -1491566
970780 -1490566
971780 -1491566
973780 -1494566
973780 -1493566
973780 -1492566
973780 -1491566
973780 -1490566
974780 -1494566
974780 -1491566
977780 -1488566
978780 -1488566
979780 -1488566
979780 -1487566
989780 -1486566
990780 -1485566
187
971780 -1512566
974780 -1512566
974780 -1511566
975780 -1512566
975780 -1511566
975780 -1510566
976780 -1512566
976780 -1511566
976780 -1510566
977780 -1512566
977780 -1511566
977780 -1510566
978780 -1514566
978780 -1513566
978780 -1512566
978780 -1511566
978780 -1510566
979780 -1514566
979780 -1513566
979780 -1512566
979780 -1511566
979780 -1510566
134
971780 -1494566
973780 -1495566
974780 -1495566
974780 -1493566
974780 -1492566
974780 -1489566
975780 -1495566
975780 -1494566
975780 -1493566
975780 -1492566
975780 -1490566
975780 -1489566
976780 -1500566
976780 -1494566
976780 -1493566
976780 -1492566
977780 -1500566
977780 -1494566
977780 -1493566
977780 -1492566
978780 -1500566
978780 -1493566
978780 -1492566
978780 -1491566
979780 -1500566
979780 -1493566
979780 -1492566
979780 -1491566
131
971780 -1487566
976780 -1488566
977780 -1489566
978780 -1489566
979780 -1489566
148
971780 -1485566
979780 -1490566
980780 -1487566
990780 -1487566
990780 -1486566
990780 -1484566
991780 -1485566
171
972780 -1513566
330
972780 -1502566
971780 -1501566
976780 -1495566
979780 -1495566
985780 -1502566
986780 -1502566
987780 -1502566
987780 -1501566
987780 -1500566
987780 -1499566
987780 -1498566
988780 -1501566
988780 -1500566
988780 -1499566
988780 -1498566
989780 -1499566
989780 -1498566
990780 -1499566
990780 -1498566
990780 -1497566
991780 -1499566
991780 -1498566
991780 -1497566
992780 -1499566
992780 -1498566
992780 -1497566
993780 -1499566
993780 -1498566
993780 -1497566
994780 -1502566
994780 -1499566
994780 -1498566
994780 -1497566
995780 -1499566
995780 -1498566
995780 -1497566
996780 -1499566
996780 -1498566
996780 -1497566
996780 -1496566
997780 -1498566
997780 -1497566
997780 -1496566
998780 -1498566
998780 -1497566
998780 -1496566
999780 -1495566
1000780 -1495566
1001780 -1495566
132
972780 -1494566
977780 -1491566
130
972780 -1491566
976780 -1491566
976780 -1490566
976780 -1489566
977780 -1490566
978780 -1490566
165
973780 -1485566
980780 -1488566
981780 -1488566
989780 -1487566
991780 -1486566
991780 -1484566
992780 -1486566
992780 -1485566
992780 -1484566
993780 -1485566
167
974780 -1512566
179
974780 -1510566
287
974780 -1508566
983780 -1495566
984780 -1494566
985780 -1493566
985780 -1492566
986780 -1492566
995780 -1502566
301
974780 -1507566
984780 -1495566
985780 -1496566
985780 -1494566
986780 -1493566
987780 -1492566
127
974780 -1490566
980780 -1495566
980780 -1494566
980780 -1493566
980780 -1492566
980780 -1491566
980780 -1490566
980780 -1489566
981780 -1494566
981780 -1493566
981780 -1491566
981780 -1490566
981780 -1487566
132
974780 -1487566
341
975780 -1505566
985780 -1497566
985780 -1495566
986780 -1497566
986780 -1496566
986780 -1495566
986780 -1494566
987780 -1496566
987780 -1494566
987780 -1493566
988780 -1493566
988780 -1492566
988780 -1491566
989780 -1492566
989780 -1491566
290
977780 -1508566
256
977780 -1492566
981780 -1495566
981780 -1492566
981780 -1489566
982780 -1494566
982780 -1493566
982780 -1492566
982780 -1491566
982780 -1490566
983780 -1494566
983780 -1493566
983780 -1492566
983780 -1491566
983780 -1490566
983780 -1489566
984780 -1493566
984780 -1492566
984780 -1490566
984780 -1489566
984780 -1488566
985780 -1490566
985780 -1489566
985780 -1488566
986780 -1490566
986780 -1489566
986780 -1488566
303
978780 -1506566
985780 -1498566
986780 -1498566
417
978780 -1497566
982780 -1495566
987780 -1497566
987780 -1495566
988780 -1497566
988780 -1496566
988780 -1495566
988780 -1494566
989780 -1500566
989780 -1497566
989780 -1496566
989780 -1495566
989780 -1494566
989780 -1493566
990780 -1500566
990780 -1496566
990780 -1495566
990780 -1494566
990780 -1493566
991780 -1501566
991780 -1500566
991780 -1496566
991780 -1495566
991780 -1494566
991780 -1493566
991780 -1492566
992780 -1501566
992780 -1500566
992780 -1496566
992780 -1495566
992780 -1494566
992780 -1493566
992780 -1492566
993780 -1501566
993780 -1500566
993780 -1496566
993780 -1495566
993780 -1494566
993780 -1493566
993780 -1492566
994780 -1501566
994780 -1500566
994780 -1496566
994780 -1495566
994780 -1494566
994780 -1493566
994780 -1492566
994780 -1491566
995780 -1501566
995780 -1500566
995780 -1496566
995780 -1495566
995780 -1494566
995780 -1493566
995780 -1492566
995780 -1491566
996780 -1500566
996780 -1495566
996780 -1494566
996780 -1493566
996780 -1492566
996780 -1491566
996780 -1490566
997780 -1500566
997780 -1499566
997780 -1495566
997780 -1494566
997780 -1493566
997780 -1492566
997780 -1491566
998780 -1500566
998780 -1499566
1000780 -1501566
1001780 -1501566
1002780 -1495566
1003780 -1495566
1004780 -1495566
236
978780 -1490566
982780 -1487566
984780 -1491566
985780 -1491566
986780 -1491566
987780 -1491566
987780 -1490566
987780 -1489566
987780 -1488566
988780 -1490566
440
981780 -1501566
984780 -1487566
985780 -1487566
986780 -1487566
987780 -1487566
988780 -1489566
988780 -1488566
988780 -1487566
989780 -1501566
989780 -1490566
989780 -1489566
989780 -1488566
990780 -1501566
990780 -1492566
990780 -1491566
990780 -1490566
990780 -1489566
990780 -1488566
991780 -1491566
991780 -1490566
991780 -1489566
991780 -1488566
991780 -1487566
992780 -1491566
992780 -1490566
992780 -1489566
992780 -1488566
992780 -1487566
993780 -1491566
993780 -1490566
993780 -1489566
993780 -1488566
993780 -1487566
994780 -1490566
994780 -1489566
994780 -1488566
994780 -1487566
995780 -1490566
995780 -1489566
995780 -1488566
995780 -1487566
997780 -1490566
998780 -1495566
998780 -1494566
998780 -1493566
998780 -1492566
998780 -1491566
999780 -1498566
999780 -1497566
999780 -1496566
999780 -1494566
999780 -1493566
1000780 -1498566
1000780 -1497566
1000780 -1496566
505
982780 -1498566
982780 -1489566
982780 -1488566
983780 -1488566
983780 -1487566
996780 -1487566
997780 -1486566
998780 -1490566
998780 -1489566
998780 -1486566
999780 -1500566
999780 -1499566
999780 -1492566
999780 -1491566
999780 -1490566
999780 -1489566
1000780 -1500566
1000780 -1499566
1000780 -1494566
1000780 -1493566
1000780 -1492566
1000780 -1491566
1000780 -1490566
1001780 -1500566
1001780 -1499566
1001780 -1498566
1001780 -1497566
1001780 -1496566
1001780 -1494566
1001780 -1493566
1001780 -1492566
1002780 -1498566
563
984780 -1490566
987780 -1484566
987780 -1483566
987780 -1482566
987780 -1481566
988780 -1484566
988780 -1483566
988780 -1482566
988780 -1481566
988780 -1480566
989780 -1484566
989780 -1483566
989780 -1482566
989780 -1481566
989780 -1480566
989780 -1479566
989780 -1478566
989780 -1477566
990780 -1483566
990780 -1482566
990780 -1481566
990780 -1480566
990780 -1479566
990780 -1478566
990780 -1477566
990780 -1476566
990780 -1475566
991780 -1483566
991780 -1482566
991780 -1481566
991780 -1480566
991780 -1479566
991780 -1478566
991780 -1477566
991780 -1476566
991780 -1475566
991780 -1474566
992780 -1483566
992780 -1482566
992780 -1481566
992780 -1480566
992780 -1479566
992780 -1478566
992780 -1477566
992780 -1476566
992780 -1475566
992780 -1474566
992780 -1473566
992780 -1472566
993780 -1486566
993780 -1484566
993780 -1483566
993780 -1482566
993780 -1481566
993780 -1480566
993780 -1479566
993780 -1478566
993780 -1477566
993780 -1476566
993780 -1475566
993780 -1474566
993780 -1473566
994780 -1486566
994780 -1485566
994780 -1484566
994780 -1483566
994780 -1482566
994780 -1481566
994780 -1480566
994780 -1479566
994780 -1478566
994780 -1477566
994780 -1476566
994780 -1475566
995780 -1486566
995780 -1485566
995780 -1484566
995780 -1483566
995780 -1482566
995780 -1481566
995780 -1480566
995780 -1479566
995780 -1478566
995780 -1477566
995780 -1476566
995780 -1475566
995780 -1474566
996780 -1489566
996780 -1488566
996780 -1486566
996780 -1485566
996780 -1484566
996780 -1483566
996780 -1482566
996780 -1481566
996780 -1480566
996780 -1479566
996780 -1478566
996780 -1477566
996780 -1476566
996780 -1475566
996780 -1474566
997780 -1487566
997780 -1485566
997780 -1484566
997780 -1483566
997780 -1482566
997780 -1481566
997780 -1480566
997780 -1479566
997780 -1478566
997780 -1477566
997780 -1476566
997780 -1475566
998780 -1501566
998780 -1487566
998780 -1485566
998780 -1484566
998780 -1483566
998780 -1482566
998780 -1481566
998780 -1480566
998780 -1479566
998780 -1478566
999780 -1487566
999780 -1486566
999780 -1485566
999780 -1484566
999780 -1483566
999780 -1482566
999780 -1481566
999780 -1480566
999780 -1479566
999780 -1478566
1000780 -1487566
1000780 -1486566
1000780 -1485566
1000780 -1484566
1000780 -1483566
1000780 -1482566
1000780 -1481566
1000780 -1480566
1000780 -1479566
1000780 -1478566
1001780 -1491566
1001780 -1490566
1001780 -1487566
1001780 -1486566
1001780 -1485566
1001780 -1484566
1001780 -1483566
1001780 -1482566
1001780 -1481566
1001780 -1480566
1002780 -1497566
1002780 -1496566
1002780 -1494566
1002780 -1493566
1002780 -1492566
1002780 -1491566
1002780 -1490566
1002780 -1487566
1002780 -1486566
1002780 -1485566
1002780 -1484566
1002780 -1483566
1002780 -1482566
1003780 -1497566
1003780 -1496566
1003780 -1494566
1003780 -1493566
1003780 -1492566
1003780 -1491566
1003780 -1490566
1003780 -1487566
1003780 -1486566
1003780 -1485566
1003780 -1484566
1004780 -1498566
1004780 -1497566
1004780 -1494566
1004780 -1493566
1004780 -1492566
1004780 -1491566
1004780 -1490566
1004780 -1486566
1004780 -1485566
1004780 -1484566
1005780 -1493566
1005780 -1492566
1005780 -1486566
1005780 -1485566
1005780 -1484566
1006780 -1492566
1006780 -1486566
1006780 -1485566
1006780 -1484566
1007780 -1492566
1007780 -1486566
1007780 -1485566
1007780 -1484566
1007780 -1483566
1008780 -1486566
1008780 -1485566
1008780 -1484566
1008780 -1483566
1009780 -1486566
1009780 -1485566
1009780 -1484566
1009780 -1483566
1010780 -1485566
1010780 -1484566
1010780 -1483566
1011780 -1485566
1011780 -1484566
1011780 -1483566
1011780 -1482566
1012780 -1485566
1012780 -1484566
1012780 -1483566
1012780 -1482566
1013780 -1485566
597
985780 -1490566
988780 -1479566
988780 -1478566
988780 -1477566
988780 -1476566
989780 -1476566
989780 -1475566
991780 -1473566
993780 -1472566
995780 -1473566
997780 -1474566
998780 -1475566
1001780 -1479566
1001780 -1478566
1002780 -1481566
1002780 -1480566
1003780 -1498566
1003780 -1483566
1003780 -1482566
1004780 -1496566
1005780 -1490566
1006780 -1483566
1009780 -1482566
1010780 -1482566
1012780 -1481566
1013780 -1482566
1013780 -1481566
470
986780 -1496566
996780 -1501566
999780 -1501566
1000780 -1488566
1002780 -1501566
1002780 -1500566
1003780 -1500566
1004780 -1500566
618
987780 -1492566
986780 -1482566
986780 -1481566
987780 -1480566
987780 -1479566
987780 -1478566
987780 -1477566
988780 -1475566
1000780 -1489566
1001780 -1489566
1002780 -1489566
1002780 -1479566
1003780 -1489566
1003780 -1481566
1003780 -1480566
1004780 -1489566
1004780 -1488566
1004780 -1483566
1004780 -1482566
1005780 -1498566
1005780 -1497566
1005780 -1491566
1005780 -1489566
1005780 -1488566
1005780 -1483566
1005780 -1482566
1005780 -1481566
1006780 -1493566
1006780 -1491566
1006780 -1490566
1006780 -1489566
1006780 -1488566
1006780 -1482566
1006780 -1481566
1006780 -1480566
1007780 -1493566
1007780 -1482566
1007780 -1481566
1007780 -1480566
1008780 -1493566
1008780 -1492566
1008780 -1487566
1008780 -1482566
1008780 -1481566
1008780 -1480566
1008780 -1479566
1009780 -1487566
1009780 -1481566
1009780 -1480566
1009780 -1479566
1009780 -1478566
1010780 -1481566
1010780 -1480566
1010780 -1479566
1010780 -1478566
1011780 -1481566
1011780 -1480566
1011780 -1479566
1011780 -1478566
1012780 -1486566
1012780 -1480566
1012780 -1479566
1012780 -1478566
1013780 -1486566
1013780 -1480566
1013780 -1479566
1013780 -1478566
655
987780 -1488566
986780 -1480566
986780 -1479566
986780 -1478566
986780 -1477566
987780 -1476566
987780 -1475566
991780 -1472566
992780 -1471566
992780 -1470566
992780 -1469566
993780 -1471566
993780 -1470566
993780 -1469566
994780 -1471566
994780 -1470566
996780 -1473566
996780 -1472566
997780 -1488566
997780 -1473566
997780 -1472566
997780 -1471566
998780 -1488566
998780 -1474566
998780 -1473566
998780 -1472566
999780 -1488566
999780 -1473566
999780 -1472566
1001780 -1488566
1002780 -1488566
1002780 -1478566
1003780 -1499566
1003780 -1488566
1003780 -1479566
1003780 -1478566
1004780 -1499566
1004780 -1487566
1004780 -1481566
1004780 -1480566
1004780 -1479566
1004780 -1478566
1005780 -1487566
1005780 -1480566
1006780 -1487566
1007780 -1488566
1007780 -1487566
1008780 -1488566
1009780 -1488566
1010780 -1488566
1010780 -1487566
1010780 -1486566
1011780 -1488566
1011780 -1487566
1011780 -1486566
1012780 -1488566
1012780 -1487566
1013780 -1488566
1013780 -1487566
172
987780 -1466566
986780 -1472566
986780 -1471566
986780 -1470566
986780 -1469566
986780 -1464566
986780 -1463566
986780 -1462566
987780 -1474566
987780 -1473566
987780 -1472566
987780 -1471566
987780 -1470566
987780 -1469566
987780 -1468566
987780 -1467566
987780 -1466566
987780 -1465566
987780 -1464566
987780 -1463566
987780 -1462566
987780 -1461566
987780 -1460566
987780 -1459566
987780 -1458566
988780 -1474566
988780 -1473566
988780 -1472566
988780 -1471566
988780 -1470566
988780 -1469566
988780 -1468566
988780 -1467566
988780 -1466566
988780 -1465566
988780 -1464566
988780 -1463566
988780 -1462566
988780 -1461566
988780 -1460566
988780 -1459566
988780 -1458566
989780 -1474566
989780 -1473566
989780 -1472566
989780 -1471566
989780 -1470566
989780 -1469566
989780 -1468566
989780 -1465566
989780 -1464566
989780 -1463566
989780 -1462566
989780 -1461566
989780 -1460566
989780 -1459566
989780 -1458566
990780 -1474566
990780 -1473566
990780 -1472566
990780 -1471566
990780 -1470566
990780 -1469566
990780 -1468566
990780 -1467566
990780 -1466566
990780 -1465566
990780 -1464566
990780 -1463566
990780 -1462566
990780 -1461566
990780 -1460566
990780 -1459566
990780 -1458566
991780 -1471566
991780 -1470566
991780 -1469566
991780 -1468566
991780 -1467566
991780 -1466566
991780 -1465566
991780 -1464566
991780 -1463566
991780 -1462566
991780 -1461566
991780 -1460566
991780 -1459566
991780 -1458566
992780 -1468566
992780 -1467566
992780 -1466566
992780 -1465566
992780 -1464566
992780 -1463566
992780 -1462566
992780 -1461566
993780 -1467566
993780 -1466566
993780 -1465566
993780 -1464566
993780 -1463566
993780 -1462566
993780 -1461566
994780 -1473566
994780 -1469566
994780 -1467566
994780 -1466566
994780 -1465566
994780 -1464566
994780 -1463566
994780 -1462566
994780 -1461566
995780 -1471566
995780 -1470566
995780 -1469566
995780 -1465566
995780 -1464566
995780 -1463566
995780 -1462566
995780 -1461566
996780 -1464566
996780 -1463566
996780 -1462566
997780 -1462566
997780 -1461566
998780 -1462566
998780 -1461566
999780 -1462566
999780 -1461566
999780 -1460566
1000780 -1462566
1000780 -1461566
1000780 -1460566
1001780 -1461566
1001780 -1460566
1001780 -1459566
1002780 -1461566
1002780 -1460566
1002780 -1459566
1003780 -1461566
1003780 -1460566
1003780 -1459566
1003780 -1458566
1004780 -1458566
1005780 -1458566
157
987780 -1460566
987780 -1457566
987780 -1456566
987780 -1455566
987780 -1454566
987780 -1453566
987780 -1452566
988780 -1457566
988780 -1456566
988780 -1455566
988780 -1454566
988780 -1453566
988780 -1452566
988780 -1451566
989780 -1457566
989780 -1456566
989780 -1455566
989780 -1454566
989780 -1453566
989780 -1452566
989780 -1451566
990780 -1457566
990780 -1456566
990780 -1454566
990780 -1452566
990780 -1451566
991780 -1457566
991780 -1456566
992780 -1460566
992780 -1459566
992780 -1458566
992780 -1457566
992780 -1456566
993780 -1460566
993780 -1459566
993780 -1458566
993780 -1457566
993780 -1456566
994780 -1460566
994780 -1459566
994780 -1458566
994780 -1456566
995780 -1460566
995780 -1458566
995780 -1456566
996780 -1465566
997780 -1465566
997780 -1464566
997780 -1463566
998780 -1466566
998780 -1465566
998780 -1464566
998780 -1463566
999780 -1467566
999780 -1466566
999780 -1465566
999780 -1464566
999780 -1463566
1000780 -1467566
1000780 -1466566
1000780 -1465566
1000780 -1464566
1000780 -1463566
1001780 -1468566
1001780 -1467566
1001780 -1466566
1001780 -1465566
1001780 -1464566
1001780 -1463566
1002780 -1468566
1002780 -1467566
1002780 -1466566
1002780 -1464566
1003780 -1469566
1003780 -1468566
1003780 -1467566
1003780 -1466566
1003780 -1464566
1004780 -1467566
1004780 -1466566
1005780 -1467566
156
987780 -1459566
988780 -1450566
989780 -1450566
990780 -1450566
991780 -1450566
994780 -1457566
995780 -1459566
995780 -1457566
997780 -1466566
1000780 -1468566
1002780 -1469566
1003780 -1470566
182
987780 -1452566
986780 -1453566
986780 -1452566
986780 -1451566
986780 -1450566
987780 -1451566
987780 -1450566
990780 -1453566
991780 -1454566
991780 -1453566
991780 -1452566
991780 -1451566
992780 -1454566
992780 -1453566
992780 -1452566
992780 -1451566
992780 -1450566
993780 -1454566
993780 -1453566
993780 -1452566
993780 -1451566
993780 -1450566
994780 -1454566
994780 -1453566
994780 -1452566
994780 -1451566
994780 -1450566
995780 -1454566
995780 -1453566
995780 -1452566
995780 -1451566
995780 -1450566
995780 -1449566
996780 -1454566
996780 -1453566
996780 -1452566
996780 -1451566
996780 -1450566
996780 -1449566
997780 -1455566
997780 -1454566
997780 -1453566
997780 -1452566
997780 -1451566
998780 -1455566
998780 -1454566
998780 -1453566
998780 -1452566
998780 -1451566
999780 -1455566
999780 -1454566
999780 -1453566
999780 -1452566
999780 -1451566
999780 -1450566
1000780 -1456566
1000780 -1455566
1000780 -1454566
1000780 -1453566
1000780 -1452566
1000780 -1451566
1000780 -1450566
1001780 -1456566
1001780 -1455566
1001780 -1454566
1001780 -1453566
1001780 -1452566
1001780 -1451566
1001780 -1450566
1002780 -1456566
1002780 -1455566
1002780 -1454566
1002780 -1453566
1002780 -1452566
1002780 -1451566
1002780 -1450566
1003780 -1456566
1003780 -1455566
1003780 -1454566
1003780 -1453566
1003780 -1452566
1003780 -1451566
1003780 -1450566
1004780 -1457566
1004780 -1456566
1004780 -1455566
1004780 -1454566
1004780 -1453566
1004780 -1452566
1004780 -1451566
1005780 -1457566
1005780 -1456566
1005780 -1455566
1005780 -1454566
1005780 -1453566
1005780 -1452566
1005780 -1451566
1005780 -1449566
1006780 -1457566
1006780 -1456566
1006780 -1455566
1006780 -1454566
1006780 -1453566
1006780 -1452566
1006780 -1451566
1006780 -1450566
1007780 -1455566
1007780 -1454566
1007780 -1453566
1007780 -1452566
1007780 -1451566
1008780 -1455566
1008780 -1454566
1008780 -1453566
1008780 -1452566
1008780 -1451566
1009780 -1455566
1009780 -1454566
1009780 -1453566
1009780 -1452566
1009780 -1451566
1009780 -1450566
1010780 -1455566
1010780 -1454566
1010780 -1453566
1010780 -1452566
1010780 -1451566
1010780 -1450566
1011780 -1455566
1011780 -1454566
1011780 -1453566
1011780 -1452566
1011780 -1451566
1012780 -1455566
1012780 -1454566
1012780 -1453566
1012780 -1452566
1012780 -1451566
1013780 -1455566
1013780 -1454566
1013780 -1453566
1013780 -1452566
290
988780 -1473566
986780 -1474566
986780 -1473566
993780 -1468566
994780 -1474566
994780 -1472566
994780 -1468566
995780 -1472566
995780 -1468566
997780 -1470566
997780 -1469566
1002780 -1477566
140
988780 -1466566
150
988780 -1459566
995780 -1466566
1001780 -1469566
1002780 -1470566
319
989780 -1501566
997780 -1501566
997780 -1489566
1002780 -1499566
141
989780 -1459566
998780 -1467566
999780 -1468566
1003780 -1471566
211
989780 -1451566
997780 -1450566
998780 -1450566
999780 -1456566
1001780 -1457566
1002780 -1458566
1002780 -1457566
1003780 -1457566
1005780 -1459566
1006780 -1459566
1006780 -1458566
1007780 -1459566
1007780 -1458566
1007780 -1457566
1007780 -1456566
1007780 -1450566
1008780 -1457566
1008780 -1456566
1008780 -1450566
1009780 -1457566
1009780 -1456566
1010780 -1457566
1010780 -1456566
1011780 -1458566
1011780 -1457566
1011780 -1456566
1012780 -1458566
1012780 -1457566
1012780 -1456566
1013780 -1457566
1013780 -1456566
363
990780 -1470566
995780 -1467566
997780 -1468566
997780 -1467566
998780 -1471566
998780 -1470566
998780 -1469566
998780 -1468566
999780 -1475566
999780 -1474566
999780 -1471566
999780 -1470566
999780 -1469566
1000780 -1475566
1000780 -1474566
1000780 -1473566
1000780 -1472566
1000780 -1471566
1000780 -1470566
1000780 -1469566
1001780 -1475566
1001780 -1474566
1001780 -1473566
1001780 -1472566
1001780 -1471566
1001780 -1470566
1002780 -1475566
1002780 -1474566
1002780 -1473566
1002780 -1472566
1002780 -1471566
1004780 -1465566
1005780 -1466566
1005780 -1465566
1006780 -1467566
1006780 -1466566
1006780 -1465566
1007780 -1491566
1007780 -1490566
1007780 -1466566
1007780 -1465566
1007780 -1464566
1008780 -1491566
1008780 -1466566
1008780 -1465566
1008780 -1464566
1009780 -1466566
1009780 -1465566
1009780 -1464566
402
991780 -1500566
1003780 -1501566
1004780 -1501566
1005780 -1500566
1005780 -1499566
1005780 -1496566
1008780 -1490566
481
991780 -1472566
999780 -1477566
999780 -1476566
1000780 -1477566
1000780 -1476566
1002780 -1463566
1003780 -1472566
1003780 -1463566
1003780 -1462566
1006780 -1464566
1007780 -1489566
1008780 -1489566
1008780 -1463566
1009780 -1490566
1009780 -1489566
1010780 -1491566
1010780 -1490566
1010780 -1489566
1011780 -1492566
1011780 -1491566
1011780 -1490566
1012780 -1492566
1012780 -1491566
1012780 -1490566
439
991780 -1471566
1009780 -1463566
1010780 -1465566
127
991780 -1460566
102
991780 -1459566
218
991780 -1452566
1000780 -1457566
1002780 -1449566
1003780 -1449566
1004780 -1449566
1007780 -1460566
1008780 -1461566
1008780 -1460566
1008780 -1459566
1008780 -1458566
1009780 -1458566
1010780 -1458566
225
991780 -1451566
998780 -1456566
999780 -1457566
1001780 -1458566
1006780 -1460566
1009780 -1459566
441
993780 -1499566
1003780 -1502566
658
993780 -1476566
1001780 -1477566
1001780 -1476566
1002780 -1476566
1003780 -1477566
1003780 -1476566
1004780 -1477566
1004780 -1476566
1004780 -1461566
1005780 -1477566
1005780 -1476566
1005780 -1473566
1005780 -1472566
1005780 -1471566
1005780 -1464566
1005780 -1460566
1006780 -1477566
1006780 -1476566
1006780 -1473566
1006780 -1471566
1006780 -1463566
1007780 -1477566
1007780 -1476566
1007780 -1473566
1007780 -1471566
1007780 -1470566
1007780 -1463566
1007780 -1462566
1008780 -1477566
1008780 -1476566
1008780 -1471566
1008780 -1470566
1009780 -1477566
1009780 -1476566
1009780 -1472566
1009780 -1470566
1010780 -1477566
1010780 -1476566
1010780 -1472566
1010780 -1470566
1010780 -1469566
1011780 -1489566
1011780 -1477566
1011780 -1476566
1011780 -1472566
1011780 -1470566
1011780 -1469566
1012780 -1489566
1012780 -1477566
1012780 -1476566
1013780 -1489566
441
993780 -1470566
1000780 -1459566
1010780 -1466566
1010780 -1464566
1010780 -1463566
1011780 -1465566
1011780 -1464566
1011780 -1463566
1011780 -1462566
1012780 -1465566
1012780 -1464566
655
994780 -1475566
1003780 -1475566
1003780 -1474566
1003780 -1473566
1004780 -1475566
1004780 -1474566
1004780 -1460566
1005780 -1474566
1006780 -1474566
1007780 -1474566
1008780 -1474566
1008780 -1473566
1008780 -1462566
1009780 -1474566
1009780 -1473566
1009780 -1471566
1009780 -1462566
1010780 -1474566
1010780 -1473566
1011780 -1474566
1011780 -1473566
1012780 -1474566
1012780 -1473566
1012780 -1472566
1012780 -1470566
1012780 -1469566
1013780 -1477566
1013780 -1474566
1013780 -1473566
1013780 -1472566
1013780 -1470566
1013780 -1469566
479
994780 -1471566
998780 -1460566
998780 -1459566
998780 -1458566
1001780 -1462566
1002780 -1462566
1010780 -1462566
1011780 -1461566
1012780 -1463566
439
995780 -1470566
997780 -1459566
997780 -1458566
999780 -1459566
999780 -1458566
1000780 -1458566
1005780 -1470566
1012780 -1461566
1013780 -1464566
1013780 -1463566
420
995780 -1469566
997780 -1460566
998780 -1457566
1005780 -1469566
1011780 -1466566
1012780 -1466566
1013780 -1465566
1013780 -1461566
271
995780 -1457566
997780 -1457566
997780 -1456566
999780 -1449566
1000780 -1449566
1001780 -1449566
1004780 -1459566
1011780 -1450566
1012780 -1450566
429
996780 -1500566
1004780 -1502566
1005780 -1502566
401
996780 -1451566
1004780 -1464566
1004780 -1463566
1004780 -1462566
1004780 -1450566
1005780 -1468566
1005780 -1463566
1005780 -1462566
1005780 -1461566
1005780 -1450566
1006780 -1468566
1006780 -1462566
1006780 -1461566
1007780 -1467566
1007780 -1461566
1008780 -1467566
1009780 -1461566
1009780 -1460566
1010780 -1461566
1010780 -1460566
1010780 -1459566
1011780 -1460566
1011780 -1459566
1012780 -1467566
1012780 -1462566
1012780 -1460566
1012780 -1459566
1013780 -1466566
1013780 -1459566
1013780 -1458566
1013780 -1451566
1014780 -1457566
1014780 -1456566
1014780 -1455566
1014780 -1454566
1014780 -1453566
1014780 -1452566
1014780 -1451566
1014780 -1450566
719
997780 -1487566
1005780 -1479566
1005780 -1478566
1006780 -1479566
1006780 -1478566
1007780 -1479566
1007780 -1478566
1008780 -1478566
1011780 -1475566
1012780 -1475566
1013780 -1490566
1013780 -1484566
1013780 -1483566
1014780 -1489566
1014780 -1488566
1014780 -1487566
1014780 -1486566
1014780 -1485566
1014780 -1482566
1014780 -1481566
1014780 -1480566
1014780 -1479566
1014780 -1478566
582
997780 -1464566
997780 -1449566
998780 -1449566
1006780 -1472566
1006780 -1470566
1006780 -1469566
1007780 -1472566
1007780 -1469566
1007780 -1468566
1008780 -1475566
1008780 -1472566
1008780 -1469566
1008780 -1468566
1008780 -1449566
1009780 -1475566
1009780 -1469566
1009780 -1468566
1009780 -1467566
1009780 -1449566
1010780 -1475566
1010780 -1471566
1010780 -1468566
1010780 -1467566
1011780 -1471566
1011780 -1468566
1011780 -1467566
1012780 -1471566
1012780 -1468566
1013780 -1471566
1013780 -1462566
1014780 -1472566
1014780 -1471566
1014780 -1470566
1014780 -1469566
696
998780 -1487566
248
999780 -1499566
1005780 -1501566
675
999780 -1488566
454
999780 -1451566
229
1000780 -1501566
227
1000780 -1500566
237
1000780 -1499566
647
1000780 -1480566
1005780 -1475566
1006780 -1475566
1007780 -1475566
1009780 -1492566
1009780 -1491566
1010780 -1492566
1012780 -1493566
1013780 -1493566
1013780 -1492566
1013780 -1491566
1014780 -1493566
1014780 -1490566
219
1001780 -1500566
548
1001780 -1459566
1013780 -1450566
550
1001780 -1458566
1013780 -1460566
482
1001780 -1451566
211
1002780 -1501566
223
1003780 -1499566
309
1004780 -1497566
1010780 -1493566
1011780 -1493566
491
1004780 -1451566
467
1005780 -1492566
1009780 -1493566
1014780 -1492566
1014780 -1477566
475
1005780 -1451566
579
1006780 -1487566
1014780 -1491566
1014780 -1484566
1014780 -1483566
565
1006780 -1480566
1013780 -1475566
564
1006780 -1464566
1004780 -1473566
1013780 -1476566
1013780 -1468566
1013780 -1467566
1014780 -1474566
1014780 -1473566
1014780 -1468566
1014780 -1467566
1014780 -1466566
1014780 -1465566
1014780 -1464566
1014780 -1463566
1014780 -1462566
1014780 -1461566
1014780 -1460566
1014780 -1459566
1014780 -1458566
485
1006780 -1454566
461
1007780 -1492566
489
1007780 -1469566
1014780 -1475566
514
1007780 -1458566
556
1008780 -1484566
500
1008780 -1468566
1014780 -1476566
533
1008780 -1463566
415
1008780 -1451566
499
1009780 -1470566
558
1010780 -1485566
559
1010780 -1483566
551
1010780 -1479566
498
1010780 -1471566
497
1010780 -1467566
409
1010780 -1461566
396
1010780 -1453566
451
1011780 -1490566
544
1011780 -1486566
494
1011780 -1469566
487
1011780 -1468566
418
1011780 -1462566
390
1011780 -1460566
504
1012780 -1488566
415
1012780 -1465566
