114
1800448 136744
1800448 136744
1800448 137744
1800448 138744
1800448 139744
1800448 143744
1800448 144744
1800448 145744
1800448 146744
1801448 136744
1801448 137744
1801448 138744
1801448 139744
1801448 140744
1801448 141744
1801448 143744
1801448 144744
1801448 145744
1802448 136744
1802448 137744
1802448 138744
1802448 139744
1802448 140744
1802448 141744
1802448 142744
1802448 143744
1803448 136744
1803448 137744
1803448 138744
1803448 139744
1803448 140744
1804448 136744
1804448 137744
1804448 138744
1804448 143744
1804448 144744
1804448 150744
1805448 141744
1805448 143744
1805448 144744
1805448 150744
1806448 139744
1806448 140744
1806448 141744
1806448 143744
1806448 149744
1806448 150744
1807448 136744
1807448 137744
1807448 138744
1807448 139744
1807448 140744
1807448 141744
1807448 143744
1808448 136744
1808448 137744
1808448 138744
1808448 139744
1808448 140744
1808448 141744
1808448 144744
1809448 136744
1809448 137744
1809448 138744
1809448 139744
1809448 140744
1809448 141744
1809448 142744
1809448 145744
1810448 136744
1810448 137744
1810448 139744
1810448 140744
1810448 141744
1810448 142744
1810448 143744
1810448 146744
1810448 147744
1811448 136744
1811448 137744
1811448 138744
1811448 139744
1811448 140744
1811448 141744
1811448 142744
1811448 143744
1812448 136744
1812448 137744
1812448 138744
1812448 139744
1812448 140744
1812448 141744
1812448 142744
1812448 143744
1812448 144744
1813448 136744
1813448 137744
1813448 138744
1813448 139744
1813448 140744
1813448 141744
1813448 142744
1813448 143744
1813448 144744
1814448 136744
1814448 137744
1814448 138744
1814448 139744
1814448 140744
1814448 141744
1814448 143744
1814448 144744
1814448 145744
1815448 144744
1816448 144744
118
1800448 138744
1800448 147744
1800448 148744
1807448 144744
1807448 150744
1808448 143744
1809448 144744
1810448 145744
1815448 143744
1817448 144744
1818448 144744
1818448 146744
115
1800448 139744
1807448 149744
1808448 150744
1809448 143744
1810448 144744
1816448 143744
1819448 144744
36
1800448 143744
1803448 150744
55
1800448 145744
1807448 145744
1807448 146744
1807448 147744
1807448 148744
1808448 145744
1808448 146744
1808448 147744
1808448 148744
1808448 149744
1808448 151744
1809448 146744
1809448 147744
1809448 148744
1809448 149744
1809448 150744
1810448 148744
1810448 149744
1810448 150744
1811448 144744
1819448 143744
77
1800448 147744
1806448 144744
1809448 151744
77
1800448 148744
118
1802448 136744
121
1802448 138744
122
1802448 140744
1817448 143744
1820448 144744
1821448 144744
93
1802448 142744
80
1802448 143744
120
1804448 136744
1813448 145744
1814448 146744
1821448 130744
1822448 130744
125
1804448 138744
1817448 146744
79
1804448 144744
120
1804448 150744
1811448 145744
1811448 146744
1811448 147744
1811448 148744
1811448 149744
1811448 150744
1812448 145744
1812448 146744
1812448 147744
1812448 148744
1812448 149744
1812448 150744
1813448 146744
1813448 147744
1813448 148744
1813448 149744
1813448 150744
1814448 150744
135
1806448 140744
1816448 140744
143
1806448 141744
1816448 141744
1822448 144744
1823448 144744
220
1806448 143744
1814448 147744
1814448 148744
1814448 149744
1817448 140744
1817448 141744
1817448 145744
1818448 139744
1818448 140744
1818448 141744
1818448 142744
1818448 143744
1818448 145744
1820448 142744
1820448 143744
1821448 142744
1821448 143744
1821448 145744
1822448 142744
1822448 143744
1823448 142744
1823448 143744
1824448 142744
1824448 143744
1824448 144744
1825448 142744
1825448 143744
1825448 144744
1826448 142744
1826448 143744
1826448 144744
1827448 142744
1827448 143744
1827448 144744
1828448 142744
1828448 143744
1828448 144744
1829448 142744
1829448 143744
1829448 144744
1830448 142744
1830448 143744
1830448 144744
1831448 142744
1831448 143744
1831448 144744
1832448 142744
1832448 143744
1832448 144744
1833448 142744
1833448 143744
1833448 144744
1834448 143744
1834448 144744
1835448 143744
1835448 144744
1836448 143744
227
1806448 144744
1816448 137744
1816448 138744
1816448 139744
1817448 136744
1817448 137744
1817448 138744
1817448 139744
1817448 142744
1818448 136744
1818448 137744
1818448 138744
1824448 141744
1825448 141744
1829448 141744
1830448 141744
1831448 141744
1832448 141744
1833448 141744
1836448 144744
119
1806448 150744
186
1808448 136744
1816448 136744
1816448 146744
1816448 147744
1816448 148744
1816448 149744
1816448 150744
1816448 151744
1817448 148744
1817448 149744
1817448 150744
1817448 151744
1818448 149744
1818448 150744
1818448 151744
1819448 151744
191
1808448 138744
1816448 145744
1817448 147744
1818448 147744
1818448 148744
1826448 145744
194
1808448 140744
202
1808448 141744
1820448 145744
1827448 145744
247
1808448 143744
1820448 146744
1821448 146744
1837448 143744
1837448 144744
1838448 143744
187
1808448 145744
159
1808448 147744
152
1808448 149744
91
1808448 151744
189
1810448 136744
1820448 130744
1820448 131744
1820448 132744
1820448 133744
1820448 134744
1820448 136744
1821448 132744
1821448 133744
1821448 134744
194
1810448 137744
1820448 137744
208
1810448 139744
1820448 139744
214
1810448 141744
1820448 141744
264
1810448 143744
1826448 141744
1827448 141744
1828448 141744
1829448 145744
1838448 144744
1839448 143744
1839448 144744
1840448 143744
193
1810448 145744
1828448 140744
1829448 140744
171
1810448 147744
153
1810448 149744
143
1810448 150744
216
1812448 136744
1820448 138744
1820448 140744
1821448 131744
1821448 136744
1821448 137744
1821448 138744
1821448 139744
1821448 140744
1822448 131744
1822448 132744
1822448 133744
1822448 134744
1822448 136744
1823448 132744
1823448 133744
1823448 134744
1824448 134744
1825448 134744
205
1812448 138744
1821448 141744
1822448 138744
222
1812448 140744
1822448 140744
1828448 145744
1829448 146744
245
1812448 142744
1820448 147744
1820448 148744
1831448 145744
306
1812448 144744
1820448 149744
1820448 150744
1822448 141744
1823448 140744
1823448 141744
1824448 139744
1824448 140744
1825448 139744
1825448 140744
1826448 139744
1826448 140744
1827448 138744
1827448 139744
1827448 140744
1828448 138744
1828448 139744
1829448 137744
1829448 138744
1829448 139744
1830448 137744
1830448 138744
1830448 139744
1830448 140744
1831448 138744
1831448 139744
1831448 140744
1832448 140744
1833448 139744
1833448 140744
1840448 144744
1841448 143744
1841448 144744
1842448 144744
205
1812448 146744
1823448 137744
1824448 136744
1824448 137744
1825448 136744
170
1812448 148744
152
1812448 150744
218
1814448 136744
1822448 137744
1822448 139744
1823448 130744
1823448 131744
1823448 136744
1823448 138744
1823448 139744
1824448 130744
210
1814448 138744
1824448 138744
220
1814448 140744
1828448 146744
228
1814448 141744
333
1814448 143744
1822448 145744
1823448 145744
1823448 146744
1830448 145744
1832448 137744
1832448 138744
1832448 139744
1832448 145744
1833448 137744
1833448 138744
1833448 145744
1842448 143744
1843448 143744
1843448 144744
1844448 143744
262
1814448 145744
1831448 136744
1831448 137744
183
1814448 147744
167
1814448 149744
161
1814448 150744
308
1816448 136744
1824448 131744
1824448 132744
1824448 133744
1824448 145744
1825448 130744
1825448 131744
1825448 132744
1825448 133744
1825448 137744
1825448 138744
1825448 145744
1826448 130744
1826448 131744
1826448 132744
1826448 133744
1826448 134744
1826448 136744
1826448 137744
1826448 138744
1826448 146744
1827448 132744
1827448 133744
1827448 134744
1827448 136744
1827448 137744
1827448 146744
1827448 147744
1828448 132744
1828448 136744
1828448 137744
1828448 147744
1828448 148744
1829448 131744
1829448 136744
1829448 147744
1829448 148744
1829448 149744
1830448 136744
1832448 136744
1833448 136744
302
1816448 138744
306
1816448 140744
1822448 146744
1824448 146744
1835448 145744
305
1816448 141744
363
1816448 143744
1834448 139744
1834448 140744
1834448 141744
1834448 142744
1835448 139744
1835448 140744
1835448 141744
1835448 142744
1844448 144744
1845448 143744
1845448 144744
1846448 143744
283
1816448 145744
1821448 148744
1821448 150744
214
1816448 147744
1821448 147744
175
1816448 149744
1821448 149744
139
1816448 151744
312
1818448 136744
1827448 130744
1827448 131744
1827448 148744
1828448 130744
1828448 131744
1828448 149744
1829448 150744
314
1818448 138744
1828448 133744
1828448 134744
1829448 134744
315
1818448 140744
333
1818448 142744
1825448 146744
1830448 146744
1831448 146744
1837448 145744
374
1818448 144744
1829448 130744
1830448 130744
1830448 134744
1831448 133744
1831448 134744
1832448 132744
1832448 133744
1832448 134744
1833448 131744
1833448 132744
1833448 133744
1833448 134744
1834448 136744
1834448 137744
1834448 138744
1835448 136744
1835448 137744
1835448 138744
1836448 136744
1836448 137744
1836448 138744
1836448 139744
1836448 140744
1836448 141744
1836448 142744
1837448 138744
1837448 139744
1837448 140744
1837448 141744
1842448 142744
1845448 142744
1846448 144744
1847448 143744
1847448 144744
1848448 144744
199
1818448 146744
155
1818448 148744
138
1818448 150744
128
1818448 151744
1823448 150744
1824448 150744
236
1820448 130744
1826448 147744
1826448 148744
1826448 149744
1827448 149744
1827448 150744
1828448 150744
1829448 132744
1829448 133744
1830448 131744
1830448 132744
1830448 133744
1831448 130744
1831448 131744
1831448 132744
1832448 130744
1832448 131744
1833448 130744
259
1820448 132744
236
1820448 134744
345
1820448 136744
1825448 147744
1825448 148744
1826448 150744
1830448 148744
1830448 149744
1830448 150744
1834448 145744
1835448 146744
1836448 145744
1836448 146744
1836448 147744
1837448 136744
1837448 137744
1837448 146744
364
1820448 138744
1823448 147744
1824448 147744
1832448 146744
1837448 147744
1841448 145744
1842448 145744
380
1820448 140744
1824448 148744
1833448 146744
1838448 146744
1839448 145744
1849448 145744
397
1820448 142744
1848448 143744
1849448 143744
1849448 144744
403
1820448 144744
1850448 144744
196
1820448 146744
97
1820448 148744
1822448 148744
1823448 148744
1823448 149744
88
1820448 150744
1822448 149744
1822448 150744
1824448 149744
230
1822448 130744
236
1822448 132744
248
1822448 134744
344
1822448 136744
1825448 149744
1834448 146744
1837448 148744
365
1822448 138744
1822448 147744
1838448 147744
1840448 145744
375
1822448 140744
1840448 147744
1848448 145744
401
1822448 142744
1830448 147744
1840448 146744
1841448 146744
1850448 143744
1851448 143744
1851448 144744
403
1822448 144744
1840448 142744
1841448 142744
1851448 142744
1852448 144744
153
1822448 146744
69
1822448 148744
42
1822448 150744
1825448 150744
227
1824448 130744
238
1824448 132744
259
1824448 134744
343
1824448 136744
1831448 147744
1832448 148744
1833448 150744
1835448 147744
1836448 148744
1837448 149744
352
1824448 138744
1833448 149744
1842448 146744
365
1824448 140744
1839448 147744
1841448 148744
1843448 145744
400
1824448 142744
1839448 146744
1842448 147744
1852448 143744
1853448 143744
1853448 144744
409
1824448 144744
1841448 141744
1842448 141744
1843448 142744
1852448 142744
240
1824448 146744
170
1824448 148744
135
1824448 150744
206
1826448 130744
227
1826448 132744
256
1826448 134744
345
1826448 136744
1834448 147744
1835448 148744
1836448 149744
1836448 150744
1837448 150744
1837448 151744
349
1826448 138744
374
1826448 140744
1832448 147744
1841448 149744
1844448 146744
1845448 146744
401
1826448 142744
1833448 147744
1841448 147744
1844448 145744
402
1826448 144744
1833448 148744
1839448 141744
1840448 141744
1844448 142744
297
1826448 146744
1834448 151744
251
1826448 148744
1832448 149744
220
1826448 150744
1832448 150744
1835448 151744
1836448 151744
222
1828448 130744
243
1828448 132744
264
1828448 134744
346
1828448 136744
1835448 149744
1838448 136744
355
1828448 138744
1838448 138744
373
1828448 140744
1838448 140744
1843448 146744
1846448 147744
398
1828448 142744
1846448 145744
404
1828448 144744
1838448 141744
1841448 140744
1842448 140744
1850448 142744
290
1828448 146744
247
1828448 148744
211
1828448 150744
233
1830448 130744
237
1830448 132744
260
1830448 134744
348
1830448 136744
1835448 150744
1838448 137744
1838448 139744
1839448 136744
1839448 137744
1839448 138744
1839448 139744
1839448 140744
1840448 136744
367
1830448 138744
1840448 138744
377
1830448 140744
1834448 148744
1834448 149744
1838448 145744
1840448 140744
416
1830448 142744
1838448 148744
1846448 146744
402
1830448 144744
1841448 139744
1842448 139744
1846448 141744
1848448 142744
1849448 142744
243
1830448 146744
1834448 150744
160
1830448 148744
108
1830448 150744
227
1832448 130744
247
1832448 132744
1841448 136744
242
1832448 134744
355
1832448 136744
1840448 137744
1840448 139744
1841448 137744
1841448 138744
1842448 136744
376
1832448 138744
1842448 138744
393
1832448 140744
433
1832448 142744
1838448 149744
1838448 150744
1839448 148744
1839448 149744
1840448 148744
1845448 145744
444
1832448 144744
1839448 150744
1840448 149744
1840448 150744
1842448 137744
1842448 148744
1845448 141744
1849448 141744
1850448 141744
1851448 141744
245
1832448 146744
1841448 150744
151
1832448 148744
118
1832448 150744
1842448 150744
226
1833448 130744
248
1833448 132744
236
1833448 134744
351
1833448 136744
373
1833448 138744
390
1833448 140744
432
1833448 142744
440
1833448 144744
1844448 141744
261
1833448 146744
1842448 149744
153
1833448 148744
146
1833448 150744
318
1835448 136744
1843448 136744
1843448 137744
1843448 138744
1843448 139744
1843448 140744
1843448 141744
1844448 136744
1844448 137744
1844448 138744
1844448 139744
1844448 140744
1845448 136744
321
1835448 138744
1845448 138744
328
1835448 140744
1845448 140744
1847448 145744
359
1835448 142744
1843448 147744
1843448 148744
1844448 147744
1845448 147744
1845448 148744
1846448 148744
1846448 149744
1853448 146744
392
1835448 144744
1846448 140744
1847448 141744
1848448 141744
1851448 140744
1852448 140744
240
1835448 146744
1843448 149744
1843448 150744
1844448 148744
1844448 149744
1844448 150744
1848448 140744
1849448 140744
1851448 139744
1853448 138744
190
1835448 148744
161
1835448 150744
1845448 150744
1846448 138744
1846448 139744
156
1835448 151744
1844448 151744
1845448 139744
1845448 151744
318
1837448 136744
1845448 137744
1846448 136744
1846448 137744
317
1837448 138744
322
1837448 140744
1849448 146744
322
1837448 141744
386
1837448 143744
1845448 149744
1846448 150744
1852448 141744
306
1837448 145744
1850448 140744
1852448 139744
258
1837448 147744
207
1837448 149744
178
1837448 151744
205
1839448 136744
1847448 136744
1847448 137744
1847448 138744
1847448 139744
1847448 140744
1848448 136744
1848448 137744
1848448 138744
1848448 139744
1849448 136744
211
1839448 138744
1849448 138744
235
1839448 140744
1847448 146744
1847448 147744
1848448 147744
1848448 148744
1849448 148744
1849448 149744
255
1839448 141744
1848448 146744
1849448 147744
1853448 148744
363
1839448 143744
322
1839448 145744
1847448 148744
1847448 149744
1847448 150744
1848448 149744
1849448 137744
1849448 139744
1850448 136744
1850448 137744
1850448 138744
1850448 139744
1851448 136744
1851448 137744
1851448 138744
1852448 136744
1852448 137744
1852448 138744
1853448 136744
1853448 137744
238
1839448 147744
1848448 150744
201
1839448 149744
187
1839448 150744
1849448 150744
210
1841448 136744
222
1841448 138744
257
1841448 140744
292
1841448 142744
1850448 145744
1850448 146744
1853448 145744
364
1841448 144744
267
1841448 146744
225
1841448 148744
187
1841448 150744
203
1843448 136744
219
1843448 138744
246
1843448 140744
292
1843448 142744
1850448 147744
1850448 148744
1850448 149744
1852448 145744
328
1843448 144744
242
1843448 146744
1850448 150744
219
1843448 148744
176
1843448 150744
187
1845448 136744
200
1845448 138744
229
1845448 140744
262
1845448 142744
318
1845448 144744
1853448 147744
242
1845448 146744
197
1845448 148744
174
1845448 150744
107
1845448 151744
147
1847448 136744
161
1847448 138744
175
1847448 140744
180
1847448 141744
272
1847448 143744
204
1847448 145744
173
1847448 147744
161
1847448 149744
153
1847448 150744
146
1849448 136744
159
1849448 138744
175
1849448 140744
223
1849448 142744
236
1849448 144744
166
1849448 146744
152
1849448 148744
137
1849448 150744
134
1851448 136744
144
1851448 138744
160
1851448 140744
192
1851448 142744
200
1851448 144744
124
1853448 136744
134
1853448 138744
179
1853448 144744
119
1853448 146744
111
1853448 148744
